((("haskell-mode" .
   [0 0 0 0 0 0 0 0 0 0 1 0])
  ("require" .
   [0 0 0 1 0 0 0])
  ("import" .
   [0 0 0 0 1 0])
  ("putStrLn" .
   [0 0 1 6 0 0 0 0])
  ("main" .
   [2 0 0 0])
  ("getLine" .
   [0 0 0 1 1 0 0])
  ("name?" .
   [0 0 0 0 1])
  ("name" .
   [1 0 0 0])
  ("::" .
   [4 0])
  ("->" .
   [3 0])
  ("sumsq" .
   [2 0 0 0 0])
  ("product" .
   [0 0 0 2 0 0 0])
  ("--" .
   [1 0])
  ("sqrt" .
   [0 0 1 0])
  ("square'''" .
   [0 0 0 0 1 0 0 0 0])
  ("returnsumevans" .
   [0 0 0 0 1 0 0 0 0 0 0 0 0 0])))
